,TP9,AF7,AF8,TP10
0,0.977,-36.621,-27.344,-12.207
1,-25.879,-35.645,-27.344,-37.109
2,-38.574,-36.133,-28.809,-53.223
3,-21.484,-35.645,-30.273,-31.738
4,-7.324,-39.062,-34.18,-10.254
5,-22.461,-34.668,-33.691,-32.227
6,-40.527,-30.273,-25.391,-50.293
7,-22.461,-29.785,-22.461,-33.691
8,5.371,-20.996,-20.996,-5.371
9,-11.23,-23.438,-14.648,-12.207
10,-35.156,-29.785,-21.973,-41.504
11,-23.438,-30.762,-34.18,-41.016
12,4.883,-34.18,-31.25,-20.02
13,2.441,-32.227,-30.273,-14.16
14,-23.926,-31.738,-31.738,-35.156
15,-27.344,-26.855,-32.715,-43.457
16,-1.465,-30.273,-33.691,-17.09
17,7.324,-33.203,-30.273,-1.465
18,-21.484,-30.762,-35.156,-33.691
19,-33.691,-33.691,-32.715,-53.711
20,-15.625,-35.156,-27.344,-28.809
21,-2.93,-34.668,-32.715,-3.418
22,-18.555,-35.645,-34.668,-22.949
23,-39.551,-37.598,-33.203,-47.363
24,-29.785,-37.109,-32.715,-37.598
25,-6.348,-31.738,-32.227,-8.301
26,-16.113,-33.203,-36.621,-15.137
27,-43.457,-35.645,-35.645,-51.27
28,-35.645,-29.297,-34.668,-46.387
29,-9.277,-32.715,-34.668,-14.648
30,-9.766,-39.062,-32.227,-15.137
31,-38.086,-36.133,-36.621,-46.875
32,-44.922,-33.691,-38.574,-55.664
33,-21.973,-33.691,-35.156,-30.762
34,-9.766,-31.738,-32.227,-11.719
35,-32.715,-32.227,-29.785,-30.762
36,-49.805,-36.133,-30.762,-46.875
37,-25.879,-35.645,-29.297,-27.344
38,-3.906,-39.551,-26.855,-3.418
39,-23.926,-44.434,-36.133,-20.996
40,-48.34,-42.969,-35.156,-47.363
41,-30.273,-43.457,-31.25,-36.621
42,-1.465,-37.598,-38.086,-7.324
43,-10.254,-35.645,-37.598,-4.883
44,-39.551,-40.039,-34.668,-34.18
45,-35.156,-38.574,-34.18,-33.203
46,-11.23,-41.504,-34.18,-10.254
47,-7.812,-41.016,-29.785,-4.395
48,-33.203,-39.551,-29.785,-35.645
49,-43.457,-42.969,-37.109,-48.34
50,-16.113,-41.504,-29.785,-20.508
51,-4.395,-41.016,-25.879,0.0
52,-28.32,-37.598,-28.32,-23.438
53,-38.086,-30.762,-27.344,-42.969
54,-16.113,-29.785,-27.344,-27.344
55,2.93,-29.785,-29.297,-3.418
56,-10.254,-29.785,-30.273,-15.625
57,-34.18,-30.273,-29.297,-48.34
58,-27.832,-31.25,-32.715,-44.922
59,-0.977,-31.738,-31.738,-18.555
60,-3.906,-34.668,-28.809,-20.508
61,-40.039,-34.18,-31.25,-52.246
62,-37.598,-31.25,-28.32,-46.387
63,-7.812,-32.227,-28.809,-16.602
64,-4.883,-28.809,-32.715,-11.719
65,-28.32,-30.273,-32.227,-35.645
66,-38.574,-35.645,-38.574,-49.316
67,-13.672,-38.086,-38.574,-21.973
68,-0.488,-34.18,-32.715,-3.418
69,-26.367,-29.785,-38.574,-28.809
70,-42.969,-35.156,-36.621,-49.805
71,-23.438,-38.574,-32.715,-37.109
72,-0.977,-36.133,-31.25,-6.836
73,-10.254,-36.133,-28.809,-16.113
74,-37.598,-31.738,-30.762,-49.805
75,-29.785,-32.227,-27.344,-41.016
76,-2.93,-37.598,-29.785,-19.531
77,-4.883,-31.25,-34.668,-19.043
78,-26.855,-29.297,-31.25,-42.969
79,-33.691,-37.109,-32.227,-46.875
80,-14.648,-38.574,-34.668,-21.484
81,-10.742,-39.551,-34.668,-7.324
82,-28.809,-35.645,-32.715,-32.227
83,-41.992,-33.691,-34.668,-46.875
84,-29.785,-32.715,-35.645,-23.438
85,-15.137,-33.691,-31.25,-7.812
86,-33.203,-33.691,-31.738,-26.367
87,-51.27,-36.621,-37.598,-51.758
88,-35.156,-37.109,-38.086,-35.645
89,-11.23,-30.762,-37.109,-5.371
90,-15.625,-32.227,-32.715,-8.789
91,-35.645,-33.203,-30.762,-39.551
92,-29.297,-30.273,-34.18,-40.527
93,1.465,-31.25,-30.273,-8.789
94,4.883,-30.273,-26.855,-1.465
95,-25.879,-32.715,-31.738,-32.715
96,-27.832,-36.621,-30.273,-41.992
97,-9.766,-32.715,-26.855,-24.414
98,-6.348,-32.227,-29.297,-15.137
99,-26.367,-33.691,-29.297,-32.227
100,-39.551,-27.344,-29.297,-43.945
101,-20.02,-28.32,-27.344,-21.973
102,-2.441,-30.273,-29.785,0.488
103,-21.484,-32.715,-33.203,-22.461
104,-48.34,-35.156,-30.273,-51.758
105,-35.156,-30.762,-26.367,-42.969
106,-14.16,-31.25,-30.273,-18.555
107,-25.391,-38.086,-34.18,-20.508
108,-44.922,-31.738,-29.785,-49.316
109,-40.039,-29.785,-33.203,-55.176
110,-14.648,-32.227,-32.227,-24.902
111,-8.301,-26.855,-31.25,-14.16
112,-26.855,-29.297,-34.668,-44.434
113,-30.762,-36.133,-34.18,-51.758
114,-9.277,-34.668,-35.645,-24.902
115,-0.488,-34.18,-38.574,-12.695
116,-23.438,-34.668,-31.25,-32.715
117,-37.598,-34.668,-27.832,-48.828
118,-20.02,-34.668,-29.297,-33.203
119,-2.441,-31.25,-24.902,-6.836
120,-20.508,-37.109,-31.738,-21.973
121,-47.852,-41.992,-40.039,-56.152
122,-37.598,-40.039,-41.992,-53.711
123,-10.254,-42.969,-43.945,-22.461
124,-15.137,-42.969,-42.48,-25.391
125,-37.598,-35.645,-41.992,-54.688
126,-32.715,-33.203,-37.109,-49.316
127,-8.789,-31.25,-29.785,-18.066
128,-5.371,-30.273,-29.785,-5.859
129,-34.18,-34.668,-30.273,-35.645
130,-42.969,-37.109,-31.25,-50.293
131,-11.23,-27.344,-29.297,-25.391
132,4.883,-21.484,-28.32,-1.953
133,-19.043,-28.32,-25.879,-21.484
134,-36.133,-33.203,-23.926,-48.34
135,-26.367,-30.762,-27.344,-38.086
136,-12.695,-40.039,-31.25,-18.066
137,-23.926,-45.898,-35.645,-25.391
138,-46.387,-37.598,-36.621,-49.805
139,-40.527,-40.039,-39.551,-46.387
140,-16.113,-40.527,-40.039,-15.137
141,-17.09,-37.598,-43.945,-15.625
142,-44.434,-37.598,-36.621,-50.293
143,-43.945,-37.598,-30.762,-51.27
144,-14.648,-35.645,-30.762,-16.113
145,-6.348,-34.18,-33.203,-5.371
146,-29.297,-33.691,-33.203,-31.738
147,-36.133,-29.297,-25.391,-44.922
148,-13.184,-33.203,-27.832,-28.32
149,1.953,-37.598,-29.785,-13.672
150,-17.09,-36.133,-31.25,-32.227
151,-29.785,-32.227,-32.715,-49.316
152,-6.348,-30.762,-32.715,-30.762
153,20.02,-32.227,-33.691,-8.301
154,12.207,-29.785,-38.574,-17.578
155,-22.461,-33.203,-40.039,-51.758
156,-29.297,-34.18,-35.645,-49.805
157,-3.418,-27.344,-31.25,-14.16
158,-7.812,-29.785,-31.25,-14.16
159,-40.039,-31.738,-31.738,-44.922
160,-44.922,-30.273,-29.297,-49.316
161,-22.949,-33.203,-34.18,-29.785
162,-8.789,-31.738,-32.715,-11.719
163,-31.738,-28.809,-28.32,-29.785
164,-45.898,-27.832,-24.414,-48.828
165,-24.902,-30.762,-25.391,-31.738
166,-7.812,-32.715,-32.715,-5.859
167,-24.902,-36.621,-33.691,-17.578
168,-43.457,-38.086,-32.227,-46.387
169,-29.297,-34.18,-32.227,-37.598
170,-5.859,-34.668,-33.203,-4.395
171,-10.742,-36.621,-26.855,-4.883
172,-33.691,-32.227,-18.555,-34.18
173,-28.32,-33.691,-23.926,-36.133
174,-6.836,-37.598,-33.203,-14.16
175,-4.883,-37.109,-35.156,-11.23
176,-31.738,-33.691,-33.203,-43.945
177,-40.039,-27.344,-30.762,-54.688
178,-18.555,-33.203,-30.273,-28.809
179,-5.371,-35.645,-27.344,-3.418
180,-24.414,-26.367,-29.785,-20.996
181,-43.457,-22.949,-33.691,-43.945
182,-21.484,-26.367,-33.203,-29.785
183,0.488,-28.809,-32.227,-7.812
184,-16.113,-30.273,-30.762,-25.391
185,-39.551,-28.809,-32.227,-54.199
186,-29.297,-24.902,-29.785,-34.668
187,-6.836,-35.156,-27.344,-7.324
188,-16.602,-42.48,-33.691,-15.137
189,-43.945,-39.551,-34.668,-44.434
190,-38.086,-34.18,-30.273,-46.875
191,-13.184,-35.645,-34.18,-23.438
192,-7.324,-39.551,-32.227,-11.719
193,-30.762,-34.668,-25.391,-31.738
194,-38.574,-33.203,-28.32,-42.48
195,-19.531,-39.062,-29.785,-21.484
196,-6.836,-37.598,-31.738,-5.371
197,-27.832,-39.551,-30.762,-28.32
198,-46.875,-39.062,-29.297,-51.27
199,-28.809,-37.109,-32.715,-35.645
200,-4.395,-38.574,-28.809,-11.23
201,-19.043,-41.016,-31.25,-27.344
202,-48.34,-39.551,-33.203,-58.594
203,-33.203,-38.574,-29.785,-48.828
204,1.953,-35.645,-34.668,-14.648
205,1.465,-30.762,-36.133,-9.766
206,-26.855,-35.645,-30.762,-45.41
207,-31.25,-41.992,-34.668,-54.688
208,-7.812,-41.992,-34.668,-22.949
209,3.906,-37.109,-26.855,-4.883
210,-19.531,-35.156,-29.785,-32.715
211,-32.715,-41.016,-32.715,-61.523
212,-11.719,-39.551,-28.809,-41.016
213,-2.441,-36.133,-29.785,-12.207
214,-23.438,-37.109,-29.785,-27.344
215,-42.969,-34.668,-27.344,-51.27
216,-30.273,-34.18,-27.832,-42.969
217,-5.371,-30.762,-28.809,-9.766
218,-12.207,-35.645,-29.785,-9.766
219,-45.41,-40.039,-33.203,-46.875
220,-40.039,-38.574,-35.645,-41.992
221,-9.766,-32.715,-37.109,-7.324
222,-5.371,-28.32,-36.621,-8.301
223,-30.762,-30.273,-31.738,-36.133
224,-41.016,-34.18,-25.391,-43.945
225,-17.09,-39.062,-24.414,-21.484
226,0.977,-35.645,-27.832,-1.465
227,-21.484,-33.691,-29.297,-28.32
228,-34.668,-32.227,-27.344,-44.434
229,-12.207,-34.668,-23.438,-22.949
230,0.977,-34.668,-24.902,-4.883
231,-19.531,-35.156,-30.273,-27.344
232,-43.457,-38.574,-29.297,-58.594
233,-33.203,-36.133,-23.438,-38.574
234,-13.184,-40.039,-26.367,-10.254
235,-21.973,-43.457,-33.691,-22.949
236,-39.551,-37.109,-29.785,-51.758
237,-42.969,-37.598,-22.949,-51.758
238,-24.902,-40.527,-21.973,-21.973
239,-18.066,-41.016,-29.297,-17.09
240,-52.246,-38.086,-35.156,-55.664
241,-53.711,-35.156,-34.668,-63.965
242,-19.531,-38.086,-31.25,-32.715
243,-11.719,-37.109,-34.668,-15.625
244,-29.785,-33.691,-38.086,-33.203
245,-36.621,-36.133,-34.18,-54.199
246,-21.973,-33.691,-29.297,-44.434
247,-0.977,-28.32,-31.25,-18.066
248,-0.977,-27.344,-34.668,-17.09
249,-10.742,-27.832,-20.996,-32.715
250,-15.625,-34.18,-19.531,-40.039
251,-4.883,-33.691,-27.832,-22.949
252,-1.465,-34.18,-23.926,-15.137
253,-29.785,-36.621,-28.32,-44.922
254,-32.715,-33.691,-31.738,-40.527
255,-5.859,-32.715,-28.809,-14.16
256,-8.301,-35.156,-27.344,-9.766
257,-39.062,-38.574,-25.879,-36.133
258,-49.805,-37.109,-26.367,-48.34
259,-27.832,-34.668,-33.691,-30.273
260,-10.254,-36.133,-37.598,-11.719
261,-28.809,-37.109,-35.156,-25.391
262,-44.922,-36.133,-28.809,-49.805
263,-26.367,-39.062,-19.043,-42.969
264,-2.441,-39.551,-20.508,-13.672
265,-13.184,-39.551,-25.391,-20.996
266,-39.062,-41.504,-24.414,-54.199
267,-33.203,-39.551,-28.32,-49.316
268,-3.906,-39.062,-34.18,-17.578
269,-7.324,-35.645,-29.785,-13.184
270,-35.156,-29.297,-29.785,-42.48
271,-36.133,-32.715,-37.598,-57.129
272,-9.766,-40.039,-36.133,-32.227
273,0.977,-42.48,-29.785,-17.578
274,-23.438,-36.133,-27.832,-39.551
275,-35.645,-34.18,-31.738,-52.734
276,-12.695,-34.18,-39.062,-33.691
277,4.395,-35.156,-44.434,-8.301
278,-20.02,-39.062,-36.133,-24.902
279,-43.457,-34.668,-25.879,-47.852
280,-25.391,-32.227,-28.32,-30.762
281,-6.836,-41.504,-34.668,-8.789
282,-33.691,-38.574,-29.297,-28.809
283,-51.758,-31.738,-28.32,-45.898
284,-29.785,-26.855,-19.043,-27.344
285,-4.395,-19.043,-25.879,-0.488
286,-4.395,-14.648,-50.781,2.93
287,-31.25,-22.461,-47.363,-34.18
288,-50.781,-45.41,-50.293,-68.848
289,-33.691,-38.086,-41.992,-51.758
290,-13.672,-21.973,-15.625,-16.602
291,-39.062,-42.969,-19.043,-37.109
292,-49.316,-30.762,-30.273,-53.711
293,-21.484,-13.672,-38.086,-32.715
294,-5.371,-29.785,-35.156,-13.672
295,-51.758,-24.902,-38.574,-55.176
296,-83.008,-28.32,-49.316,-94.238
297,-45.898,-45.898,-38.086,-57.617
298,-22.949,-50.781,-41.016,-27.832
299,-34.18,-49.805,-42.969,-42.48
300,-65.43,-41.992,-33.691,-76.66
301,-50.781,-22.949,-19.531,-57.617
302,-37.109,-32.715,-30.273,-35.156
303,-70.801,-32.227,-59.57,-60.059
304,-86.426,-9.277,-50.293,-81.055
305,-26.367,-39.062,-2.441,-34.668
306,10.254,-71.777,1.953,-2.93
307,-3.906,-51.758,-30.762,-13.672
308,-68.359,-62.988,-52.246,-71.289
309,-127.93,-61.523,-67.383,-127.441
310,-96.191,-25.879,-75.195,-101.562
311,-0.977,-31.738,-40.039,-7.812
312,25.879,-62.988,-11.23,12.695
313,-25.391,-62.012,-35.156,-43.457
314,-59.57,-80.078,-57.617,-78.613
315,-64.941,-85.449,-54.688,-84.961
316,-76.172,-46.387,-60.059,-89.844
317,-113.77,-45.898,-69.336,-121.582
318,-73.73,-29.785,-49.316,-91.797
319,-11.719,-43.945,-37.598,-35.156
320,-27.344,-71.777,-50.293,-34.18
321,-73.242,-50.293,-52.246,-70.801
322,-79.59,-40.527,-50.781,-87.402
323,-73.242,-44.922,-66.406,-79.59
324,-41.504,-30.273,-55.664,-36.621
325,-38.086,-41.504,-41.016,-34.18
326,-63.477,-59.57,-40.039,-58.105
327,-82.031,-54.688,-55.176,-77.637
328,-59.082,-18.066,-60.059,-58.105
329,-14.648,1.953,-26.367,-21.484
330,-57.129,-10.742,-30.273,-69.336
331,-60.547,-9.766,-36.133,-65.918
332,-15.137,2.93,-27.832,-9.766
333,-33.691,-9.766,-36.621,-24.902
334,-47.852,-8.301,-21.484,-48.828
335,-35.645,6.836,-9.766,-46.875
336,-30.273,-5.859,-19.043,-44.434
337,-64.453,-3.906,-52.734,-65.43
338,-48.34,37.598,-41.016,-43.945
339,0.488,15.137,-5.371,-8.301
340,14.648,-3.418,-32.227,-4.883
341,-5.859,5.371,-53.223,-19.043
342,-59.57,-7.324,-48.828,-64.453
343,-68.848,-8.301,-34.668,-72.754
344,-57.129,17.578,-42.48,-59.082
345,-30.762,10.742,-50.293,-34.18
346,-5.371,-18.555,-27.832,-10.742
347,-22.949,-13.672,-16.113,-29.785
348,-43.457,-3.906,-23.438,-55.664
349,-64.941,27.344,-52.734,-75.195
350,-16.113,44.922,-40.527,-22.949
351,1.953,3.418,-20.996,-13.184
352,-1.465,-7.324,-21.484,-28.809
353,41.992,8.789,-6.836,3.418
354,23.926,1.465,-23.438,-4.883
355,-66.895,20.508,-55.664,-85.449
356,-38.574,54.199,-36.133,-69.336
357,16.113,10.742,-29.785,1.465
358,22.949,-5.859,-14.648,29.785
359,-14.648,-6.836,-10.742,-13.672
360,-75.195,-11.719,-49.316,-87.891
361,-58.594,14.16,-36.621,-77.148
362,6.836,12.695,8.301,0.488
363,-3.418,-2.93,-21.484,-10.254
364,-57.617,7.324,-64.453,-73.242
365,-42.48,-5.371,-50.781,-53.711
366,-18.555,-16.602,-38.574,-17.578
367,-22.949,-10.254,-23.926,-10.254
368,-36.621,-14.648,-18.066,-27.344
369,-51.758,-6.836,-37.109,-44.922
370,-38.086,18.555,-54.199,-36.621
371,-7.812,-6.348,-49.805,-6.348
372,-30.762,-4.395,-24.414,-28.32
373,-49.805,33.691,-9.277,-53.711
374,-17.09,-15.137,-12.695,-26.367
375,27.344,-18.555,-4.395,26.367
376,-5.859,-17.578,-14.16,0.977
377,-72.266,-23.926,-46.387,-68.359
378,-36.133,-4.395,-44.922,-38.086
379,17.09,-5.859,-27.344,16.113
380,15.625,-21.484,-24.414,16.602
381,-12.695,-13.184,-17.578,-15.625
382,-24.902,6.348,-24.414,-21.484
383,-31.738,-22.461,-38.574,-32.227
384,-39.062,-4.883,-25.879,-44.434
385,-32.227,-0.488,-16.113,-35.645
386,-14.16,-26.367,-7.324,-19.531
387,-5.371,0.977,-8.789,-19.043
388,-30.762,-5.371,-29.785,-37.109
389,-44.434,-36.133,-31.738,-41.504
390,-48.34,-39.551,-27.832,-45.41
391,-17.09,-25.391,-11.23,-17.578
392,15.625,-9.277,-0.488,12.695
393,-18.555,-20.508,-10.254,-11.719
394,-74.707,-14.16,-31.738,-71.289
395,-69.336,20.996,-40.527,-67.871
396,12.207,-9.766,-4.395,16.113
397,23.438,-40.527,0.977,19.531
398,-22.949,-26.367,-16.602,-27.344
399,-39.551,-23.926,-17.09,-44.922
400,-47.852,-13.672,-30.762,-51.758
401,-52.734,27.832,-47.852,-44.434
402,-41.504,2.441,-12.695,-43.457
403,5.859,-38.086,22.949,-20.996
404,19.531,-27.832,-4.395,-6.836
405,-2.441,-19.531,-16.602,-11.719
406,-41.992,-16.602,-21.973,-51.27
407,-41.992,-20.508,-25.879,-60.547
408,-21.484,-24.902,-17.578,-35.156
409,0.0,-24.902,-31.25,-7.324
410,-22.949,-24.902,-35.645,-22.461
411,-53.223,-18.066,-27.344,-52.246
412,-13.184,-0.488,-15.625,-11.23
413,-15.137,-3.906,-34.18,-19.043
414,-1.953,-14.16,-22.461,-17.578
415,4.395,-14.16,7.812,-11.23
416,-10.254,-19.531,-9.766,-29.297
417,-3.906,1.953,-29.785,-25.879
418,19.531,11.719,-21.973,0.977
419,20.508,11.719,-21.484,-0.977
420,2.441,2.441,-13.672,-19.531
421,-2.93,-15.137,-16.113,-23.438
422,-11.23,-8.301,-43.945,-33.203
423,-44.922,6.836,-67.871,-60.059
424,-40.527,-5.859,-50.781,-60.547
425,7.812,-30.762,-10.254,-18.066
426,13.672,-33.203,-14.16,-0.488
427,-15.625,-23.438,-31.738,-24.414
428,-41.016,-17.09,-21.973,-53.711
429,-51.758,-15.625,-35.645,-71.777
430,-18.066,-23.438,-31.738,-43.457
431,5.859,-25.879,-7.324,-20.02
432,-22.949,-9.277,-16.113,-44.922
433,-50.293,-19.531,-33.691,-61.523
434,-34.668,-34.18,-38.086,-43.945
435,-23.438,-34.18,-39.551,-34.18
436,-65.918,-21.973,-41.016,-77.637
437,-51.27,-11.719,-31.738,-65.918
438,5.371,-17.09,-0.977,-11.719
439,15.625,-21.973,8.301,4.883
440,-12.207,-15.625,-5.859,-20.996
441,-53.223,-19.043,-16.113,-68.848
442,-59.082,-13.184,-28.809,-73.242
443,-43.457,-3.418,-43.945,-46.875
444,-21.973,-3.418,-29.785,-23.926
445,-12.207,5.371,-11.719,-23.438
446,-2.93,-17.09,-4.883,-20.996
447,12.695,-34.668,-2.441,-2.441
448,0.488,-23.438,-30.762,-12.695
449,-42.48,-24.902,-40.527,-58.594
450,-53.223,-17.578,-20.508,-73.242
451,-22.949,-8.301,-19.043,-42.969
452,14.648,-18.066,-10.742,8.301
453,-6.836,-27.832,-16.602,-17.578
454,-40.039,-26.367,-20.508,-66.895
455,-33.203,-34.18,-12.695,-56.152
456,-33.203,-33.203,-25.879,-41.504
457,-11.23,-4.395,-15.137,-16.602
458,1.953,-12.207,-10.254,-19.531
459,2.93,-28.809,-15.137,-27.344
460,-21.484,-14.16,-25.391,-41.504
461,-33.203,13.672,-40.527,-44.922
462,7.324,-11.719,-3.418,-4.395
463,14.16,-17.578,16.113,9.277
464,21.973,-19.043,-4.883,17.09
465,-19.531,-20.508,-33.691,-27.344
466,-111.328,16.113,-63.965,-112.793
467,-22.949,0.488,-2.93,-37.598
468,53.711,-24.902,15.625,24.902
469,35.156,-31.25,-7.324,14.648
470,-12.207,-45.41,-15.137,-23.926
471,-44.922,-36.133,-16.113,-56.152
472,-35.156,-27.344,-10.742,-46.387
473,-33.691,-14.648,-24.902,-35.156
474,-33.203,-22.461,-33.203,-27.344
475,-33.203,-35.156,-26.855,-41.504
476,-14.648,-24.414,-21.973,-37.109
477,3.418,-20.996,-30.762,-12.207
478,-21.973,-23.926,-40.039,-27.344
479,-61.035,-20.508,-31.738,-68.848
480,-40.527,-22.949,0.488,-53.223
481,-6.836,-28.809,0.977,-12.207
482,-13.672,-21.484,-17.578,-14.16
483,-51.758,-18.555,-27.832,-56.152
484,-59.082,-33.203,-28.32,-62.988
485,-0.488,-34.668,0.977,-8.301
486,22.949,-29.297,-2.441,14.648
487,2.441,-38.086,-3.906,-10.254
488,-44.434,-22.461,-14.648,-57.129
489,-42.48,11.23,-37.109,-48.34
490,29.297,-21.484,-19.043,22.461
491,24.414,-46.387,-15.137,12.207
492,-21.484,-25.879,-16.113,-38.574
493,-36.621,-24.414,-27.832,-48.34
494,-50.293,-50.781,-48.34,-54.688
495,-40.527,-22.461,-31.738,-41.016
496,-6.348,-4.883,-3.418,-16.602
497,-8.789,-33.203,0.488,-26.367
498,-9.766,-36.621,-14.16,-26.855
499,-4.395,-31.738,-16.113,-15.137
500,-36.621,-24.414,-24.902,-43.945
501,-56.152,-23.438,-30.762,-66.406
502,-50.781,-44.922,-27.344,-60.059
503,-20.996,-43.457,-21.484,-21.484
504,-23.926,-28.809,-21.484,-20.02
505,-64.941,-27.832,-38.086,-67.871
506,-35.156,-17.578,-24.414,-44.922
507,-4.395,-29.297,-9.277,-11.23
508,-10.254,-48.34,-10.742,-17.578
509,-60.059,-37.109,-21.973,-67.871
510,-91.797,-23.926,-52.246,-90.82
511,-13.184,-24.414,-32.227,-14.16
512,20.996,-36.621,0.488,7.324
513,-18.555,-39.062,1.465,-27.832
514,-39.062,-39.062,-11.719,-40.039
515,-70.312,-16.602,-60.547,-67.871
516,-64.941,-5.371,-64.453,-62.988
517,14.648,-34.668,5.371,1.953
518,17.578,-31.25,13.184,-1.953
519,-2.93,-33.691,-2.93,-14.648
520,9.277,-33.203,-16.602,6.348
521,-7.324,-29.297,-17.09,-12.695
522,-44.434,-36.133,-26.367,-59.082
523,-43.457,-25.391,-41.992,-56.152
524,-19.531,-26.367,-29.785,-26.367
525,-23.438,-30.273,-14.648,-28.809
526,-37.109,-25.391,-4.883,-45.41
527,-27.344,-39.062,-12.695,-40.527
528,-8.789,-40.527,-30.273,-24.414
529,0.977,-33.203,-20.508,-10.254
530,-15.137,-34.18,-14.16,-21.973
531,-24.414,-18.066,-30.273,-39.062
532,-6.836,-18.066,-41.992,-21.484
533,0.0,-41.992,-31.738,-1.953
534,-19.043,-30.273,-18.555,-23.438
535,-32.715,-23.926,-32.715,-44.434
536,-20.996,-27.832,-38.574,-32.227
537,-10.254,-9.277,-27.344,-17.09
538,-8.789,5.859,-10.742,-4.883
539,-23.438,-13.672,0.488,-28.809
540,-25.391,-43.457,-5.859,-42.969
541,1.953,-32.715,-20.996,-4.883
542,-3.906,-25.879,-26.855,0.488
543,-58.105,-40.039,-31.738,-60.059
544,-68.848,-41.504,-32.227,-78.125
545,-23.926,-33.691,-19.043,-38.086
546,-12.695,-18.555,-19.043,-20.02
547,-35.156,-28.32,-24.414,-41.992
548,-43.457,-42.48,-28.809,-60.059
549,-18.066,-32.715,-20.996,-35.645
550,-15.137,-21.973,-26.855,-26.367
551,-55.176,-17.09,-44.922,-58.105
552,-37.109,-14.16,-34.668,-40.527
553,10.254,-20.02,-5.859,1.465
554,24.902,-38.574,12.695,26.855
555,-4.883,-40.527,0.977,6.348
556,-59.57,-29.785,-25.391,-59.082
557,-61.035,-12.695,-31.738,-71.289
558,-16.602,-21.973,-43.457,-25.391
559,8.301,-30.762,-34.668,1.465
560,-14.16,-32.715,-19.531,-24.414
561,-28.32,-34.18,-36.621,-47.363
562,-13.184,-24.902,-44.434,-41.016
563,-9.277,-19.043,-27.344,-22.461
564,-14.648,-20.508,-6.348,-16.113
565,-28.32,-26.855,-18.066,-27.344
566,-15.137,-22.461,-21.484,-16.113
567,-9.277,-40.527,-19.043,-9.277
568,-49.805,-41.016,-29.297,-42.48
569,-67.383,-27.344,-26.855,-69.336
570,-32.715,-40.039,-10.254,-36.133
571,-13.184,-47.852,-13.184,-13.672
572,-27.344,-37.598,-25.391,-25.879
573,-53.223,-22.461,-33.691,-49.316
574,-46.875,-40.039,-24.414,-49.316
575,-13.672,-49.805,-12.207,-14.648
576,-6.836,-43.457,-16.113,-1.465
577,-20.996,-24.902,-10.742,-23.926
578,-34.668,-29.785,-15.625,-37.598
579,-43.945,-44.434,-47.852,-39.062
580,-16.602,-22.461,-31.738,-16.113
581,-27.832,-34.668,-3.418,-28.32
582,-65.43,-50.293,-11.23,-59.082
583,-55.176,-39.551,-26.367,-55.664
584,-41.016,-33.691,-33.691,-38.086
585,-73.242,-44.922,-27.344,-50.781
586,-105.957,-49.316,-25.879,-97.168
587,-123.535,-41.992,-39.551,-128.906
588,-121.094,-45.898,-47.363,-121.582
589,-78.613,-57.129,-22.949,-76.66
590,-83.496,-53.711,8.301,-78.613
591,-96.191,-45.898,5.859,-98.633
592,-68.359,-46.875,-12.207,-64.941
593,-59.082,-38.574,-14.648,-49.316
594,-77.637,-29.785,-8.301,-79.59
595,-97.656,-48.34,-28.809,-105.957
596,-90.82,-53.223,-61.523,-94.727
597,-41.992,-28.809,-49.316,-33.203
598,-24.414,-29.297,-13.184,-20.02
599,-42.48,-48.828,4.883,-49.316
600,-37.598,-46.875,-11.719,-48.828
601,-41.016,-37.109,-38.574,-41.992
602,-47.852,-39.062,-27.832,-45.41
603,-40.039,-35.156,7.324,-44.434
604,-23.438,-33.691,4.395,-27.832
605,-0.488,-28.32,-5.859,-0.488
606,-12.695,-25.391,-17.578,-7.324
607,-40.527,-33.691,-36.133,-45.41
608,-55.176,-39.551,-41.504,-64.941
609,-34.668,-16.113,-26.855,-37.598
610,9.766,-10.742,-14.16,2.93
611,0.488,-39.551,-11.23,-8.789
612,-39.551,-39.551,-23.926,-46.875
613,-23.438,-50.293,-35.645,-32.227
614,25.879,-42.969,-7.812,16.113
615,12.207,-31.25,-3.906,1.953
616,-19.531,-32.227,-22.949,-28.809
617,-20.508,-28.809,-21.973,-34.668
618,-38.086,-11.23,-30.762,-48.828
619,-27.344,-8.789,-43.945,-27.832
620,15.137,-31.738,-8.301,9.766
621,19.531,-41.504,10.254,12.695
622,21.484,-33.691,-23.438,17.578
623,12.207,-22.949,-28.32,11.23
624,-33.691,-21.484,-6.836,-35.645
625,-48.828,-20.02,-27.832,-55.176
626,-27.832,-18.066,-34.18,-32.227
627,-15.137,-32.715,-11.719,-13.672
628,-44.922,-51.27,-22.461,-39.551
629,-57.129,-52.246,-36.133,-54.688
630,-31.25,-41.016,-37.109,-34.668
631,-27.344,-40.039,-35.645,-27.832
632,-46.387,-31.25,-37.598,-43.457
633,-85.449,-5.859,-43.457,-91.797
634,-60.547,-20.996,-30.273,-70.312
635,25.879,-44.434,-4.395,22.461
636,15.625,-40.527,-5.859,16.602
637,-27.832,-36.133,-14.16,-39.551
638,-34.668,-40.527,-22.461,-49.805
639,-21.484,-37.598,-43.945,-30.762
640,-20.02,-27.344,-37.598,-21.484
641,-36.621,-28.809,-30.762,-36.621
642,-39.062,-28.32,-34.18,-47.363
643,-2.441,-26.855,-16.113,-10.254
644,20.508,-45.41,4.883,11.719
645,-7.324,-46.875,7.324,-24.414
646,-45.898,-39.551,-10.742,-57.129
647,-56.152,-32.715,-38.574,-58.105
648,-24.414,-25.879,-34.18,-16.602
649,-10.742,-37.109,-32.227,-5.859
650,-19.531,-29.297,-33.203,-28.809
651,-16.602,-32.715,-12.695,-31.738
652,0.977,-39.062,-18.555,-12.207
653,-14.16,-34.668,-19.531,-17.09
654,-60.059,-32.227,-23.926,-67.871
655,-56.152,-24.414,-32.715,-65.43
656,-3.418,-6.348,-28.809,-10.254
657,18.066,-12.695,-20.02,10.254
658,-36.621,-35.156,-27.344,-44.434
659,-56.152,-34.668,-36.133,-61.523
660,-6.836,-42.969,-14.648,-14.648
661,3.418,-32.227,-13.184,-5.859
662,-16.113,-16.113,-39.062,-17.578
663,-27.832,-29.297,-34.18,-34.18
664,-23.438,-44.434,-19.043,-32.227
665,-12.695,-35.156,-13.672,-16.602
666,-32.227,-26.367,-18.555,-26.367
667,-54.688,-33.203,-19.531,-41.016
668,-34.668,-27.832,-4.395,-31.738
669,-17.578,-32.227,-20.02,-15.625
670,-29.297,-40.039,-36.621,-16.113
671,-51.758,-38.086,-23.438,-45.898
672,-55.176,-33.691,-34.668,-60.059
673,-20.508,-36.133,-42.969,-27.344
674,11.719,-36.621,-24.902,6.348
675,-13.184,-35.156,-8.789,-19.531
676,-33.691,-40.039,-4.883,-44.434
677,-16.602,-28.809,-17.09,-30.762
678,-6.836,-5.859,-31.738,-8.789
679,-13.672,-31.738,-40.527,-14.648
680,-22.949,-41.992,-23.926,-31.738
681,-12.207,-25.879,-7.812,-19.531
682,-13.672,-31.738,-24.902,-17.09
683,-50.781,-34.668,-47.363,-57.129
684,-32.227,-26.367,-12.695,-40.039
685,5.859,-37.598,-0.488,-4.395
686,12.695,-39.062,-20.02,6.836
687,-2.93,-40.039,-27.344,1.465
688,-26.855,-35.156,-46.875,-30.273
689,-30.273,-28.809,-38.574,-42.48
690,-20.508,-27.832,-36.621,-37.109
691,-11.23,-18.066,-38.086,-19.043
692,-21.973,-32.715,-17.09,-24.414
693,-36.621,-48.34,-0.488,-52.734
694,-18.555,-38.574,3.418,-33.203
695,-2.93,-32.715,-5.371,-9.277
696,-18.555,-43.945,-16.602,-24.414
697,-29.297,-34.18,-17.09,-32.715
698,-26.367,-34.668,-19.531,-35.156
699,-15.137,-26.367,-37.109,-28.32
700,-25.879,-2.441,-58.105,-38.086
701,-14.16,-14.16,-29.297,-33.203
702,1.465,-43.457,-5.371,-20.02
703,2.93,-40.039,-12.207,-7.324
704,-0.977,-33.203,-19.043,-4.883
705,-41.992,-32.227,-17.578,-45.898
706,-84.473,-31.25,-26.367,-89.355
707,-63.477,-31.738,-37.109,-65.918
708,-9.277,-34.18,-17.09,-13.184
709,-22.949,-39.062,-24.902,-34.18
710,-35.156,-35.645,-50.293,-52.734
711,-15.137,-31.25,-42.48,-37.598
712,-5.859,-26.367,-27.832,-19.043
713,-24.414,-29.297,-18.555,-24.902
714,-62.012,-36.133,-35.645,-70.801
715,-50.781,-34.18,-32.715,-69.336
716,0.0,-41.992,2.93,-3.418
717,4.883,-49.316,-0.488,2.441
718,-31.738,-37.109,-13.672,-42.969
719,-36.621,-16.602,-23.926,-46.875
720,-19.531,-20.02,-37.598,-22.949
721,-7.812,-37.109,-26.855,-11.23
722,-19.531,-34.668,-8.789,-36.133
723,-35.645,-38.574,-16.113,-56.641
724,-36.133,-38.086,-44.922,-49.316
725,-24.902,-15.137,-30.273,-28.32
726,-15.625,-26.855,-5.371,-20.02
727,-36.621,-41.504,-13.672,-46.875
728,-28.809,-31.738,-11.719,-36.133
729,-3.906,-37.598,-14.16,-6.348
730,-21.973,-31.25,-30.762,-27.832
731,-52.246,-24.902,-37.598,-69.824
732,-35.645,-23.926,-5.371,-56.641
733,9.277,-21.973,3.418,-7.324
734,4.883,-37.109,-19.531,-10.742
735,-41.992,-46.387,-28.809,-46.875
736,-55.176,-32.227,-19.531,-51.758
737,-21.484,-33.691,-16.602,-21.484
738,6.836,-36.621,-26.855,7.324
739,-7.324,-29.297,-21.484,-5.859
740,-40.039,-29.297,-28.809,-38.574
741,-48.828,-31.25,-53.711,-51.27
742,-15.137,-23.438,-35.645,-13.184
743,1.465,-20.02,-10.254,3.906
744,-19.043,-43.945,-5.371,-23.438
745,-15.137,-45.41,-16.113,-28.32
746,-13.672,-41.504,-31.25,-18.555
747,-46.387,-43.457,-45.41,-45.41
748,-49.316,-29.785,-38.086,-57.617
749,-14.648,-21.973,-24.902,-27.832
750,9.766,-24.902,-30.273,2.441
751,-0.488,-32.715,-38.086,1.465
752,-31.25,-47.852,-31.738,-41.992
753,-35.156,-42.48,-28.809,-54.199
754,-11.719,-35.156,-24.902,-26.367
755,3.906,-27.832,-8.789,-6.348
756,-10.254,-14.16,-15.137,-29.297
757,-27.832,-28.809,-32.715,-48.828
758,-14.16,-44.434,-15.137,-27.832
759,-7.812,-48.34,-15.625,-13.672
760,-51.758,-35.156,-32.227,-48.34
761,-59.57,-31.738,-40.039,-57.617
762,-10.254,-45.41,-34.668,-11.719
763,26.367,-33.203,6.348,14.16
764,13.184,-24.902,8.301,-7.324
765,-21.973,-28.32,-12.695,-35.645
766,-32.227,-31.25,-20.508,-53.711
767,0.0,-40.527,-25.391,-29.297
768,3.906,-44.922,-22.461,-7.324
769,-32.715,-44.922,-17.09,-34.668
770,-48.34,-37.598,-24.902,-51.27
771,-41.504,-22.461,-47.363,-35.645
772,-23.438,-9.766,-43.457,-13.672
773,-22.949,-30.273,-25.391,-26.367
774,-37.109,-49.805,-7.324,-48.34
775,-21.973,-47.363,-10.254,-30.762
776,-0.977,-40.527,-30.273,-1.953
777,-33.691,-31.25,-36.133,-32.715
778,-60.059,-19.531,-39.062,-62.988
779,-17.578,-20.508,-23.926,-24.902
780,9.277,-52.734,-29.785,-2.93
781,-4.883,-53.223,-32.227,-15.625
782,-28.32,-40.527,-6.348,-35.645
783,-47.852,-44.434,-20.508,-53.711
784,-35.645,-22.949,-47.852,-36.621
785,1.465,-20.996,-18.066,5.371
786,-19.043,-39.062,2.441,-17.578
787,-31.738,-42.48,-1.465,-43.945
788,-7.812,-43.945,0.977,-17.578
789,7.324,-31.25,-2.93,15.625
790,-22.461,-28.32,-26.855,-13.672
791,-60.547,-31.25,-55.664,-61.523
792,-39.062,-20.02,-36.133,-50.781
793,-15.625,-21.973,-20.508,-27.344
794,-17.09,-34.668,-22.461,-23.926
795,-11.23,-25.391,-11.719,-32.227
796,-11.23,-22.949,-30.273,-42.48
797,-13.672,-26.855,-50.293,-30.273
798,-16.602,-15.625,-30.273,-21.973
799,-22.949,-14.16,-21.973,-38.574
800,-19.531,-22.949,-24.902,-41.016
801,4.883,-23.926,-32.715,-20.508
802,8.301,-14.648,-44.922,-15.625
803,-32.227,-19.043,-38.574,-44.434
804,-59.57,-35.156,-26.855,-65.918
805,-39.062,-8.301,-33.691,-45.898
806,-2.441,-19.531,-44.922,-10.742
807,5.859,-44.922,-21.973,-3.418
808,-26.855,-35.645,-13.672,-37.598
809,-26.855,-32.227,-19.531,-37.109
810,-0.488,-24.902,-19.531,-11.23
811,0.0,-25.391,-14.16,-10.742
812,-29.785,-29.785,-18.066,-43.457
813,-19.531,-21.973,-40.527,-45.898
814,2.441,-29.297,-35.645,-24.902
815,-9.277,-37.109,-31.738,-30.762
816,-32.715,-34.18,-32.227,-59.082
817,-39.551,-39.062,-28.809,-62.5
818,-16.602,-42.969,-34.668,-31.738
819,-8.789,-34.668,-29.297,-19.531
820,-43.945,-6.836,-32.227,-58.594
821,-41.992,-32.715,-29.297,-57.129
822,-0.488,-44.922,-8.789,-11.719
823,5.859,-25.879,-13.184,-2.93
824,-28.32,-38.086,-25.879,-33.203
825,-48.34,-31.25,-29.785,-54.688
826,-24.414,-31.25,-30.762,-28.32
827,-19.531,-39.551,-28.32,-19.043
828,-26.855,-30.762,-33.691,-29.785
829,-31.738,-22.949,-30.762,-42.48
830,-46.875,-32.227,-23.438,-57.129
831,-20.508,-43.945,-26.367,-24.414
832,-9.277,-52.246,-29.297,-10.254
833,-29.785,-38.574,-14.16,-36.621
834,-36.133,-28.809,-12.695,-38.574
835,-17.578,-27.344,-26.855,-6.348
836,7.324,-26.367,-33.203,10.742
837,-10.254,-37.598,-21.484,-12.695
838,-48.34,-45.898,-30.762,-48.828
839,-49.805,-41.992,-41.504,-60.547
840,-5.371,-27.344,-24.414,-15.625
841,-4.395,-27.832,-16.602,-10.742
842,-49.316,-29.785,-23.926,-54.688
843,-42.969,-24.902,-25.391,-43.457
844,-4.395,-29.297,-6.348,2.93
845,-16.113,-27.832,-23.438,-3.906
846,-46.875,-32.715,-40.039,-39.551
847,-43.457,-39.551,-21.484,-46.875
848,-23.438,-34.668,-23.926,-31.25
849,-39.551,-31.738,-49.805,-41.992
850,-44.434,-14.648,-41.504,-48.828
851,-35.156,-24.902,-10.742,-45.898
852,-27.344,-52.246,-0.977,-37.598
853,-23.926,-46.875,-17.09,-27.832
854,-55.664,-26.855,-48.34,-51.758
855,-53.223,-13.184,-37.598,-50.781
856,-17.09,-44.434,-12.207,-20.508
857,2.441,-54.688,-18.066,0.0
858,-16.113,-39.551,-31.738,-17.09
859,-45.898,-29.785,-28.809,-46.875
860,-26.855,-16.113,-16.602,-34.18
861,19.531,-18.555,-18.066,3.418
862,5.371,-25.391,-25.391,-16.113
863,-39.062,-26.367,-39.062,-67.871
864,-40.039,-37.109,-45.898,-71.289
865,-2.93,-24.902,-34.668,-22.461
866,15.625,-32.715,-21.973,11.719
867,-5.371,-40.039,-22.461,-16.113
868,-11.23,-24.902,-17.09,-35.645
869,-4.395,-23.926,-22.949,-23.438
870,1.953,-20.996,-34.668,-4.395
871,-20.508,-22.461,-28.32,-26.855
872,-40.527,-21.484,-19.531,-53.223
873,-11.23,-55.664,-7.324,-26.855
874,6.836,-57.617,-9.277,7.324
875,-13.184,-33.691,-16.602,-11.719
876,-51.27,-36.621,-16.113,-58.105
877,-51.758,-35.156,-32.715,-55.176
878,-22.949,-20.508,-47.363,-27.344
879,-12.695,-12.695,-30.273,-12.695
880,-35.156,-30.762,-9.766,-26.367
881,-39.551,-47.852,-30.273,-39.062
882,-21.973,-41.504,-37.109,-28.32
883,-20.02,-27.344,-25.391,-19.043
884,-38.574,-21.973,-24.902,-41.504
885,-40.039,-32.227,-20.02,-50.293
886,-4.883,-38.086,-7.812,-25.879
887,4.883,-29.785,-15.625,-6.836
888,-21.484,-34.18,-18.555,-29.785
889,-44.434,-35.645,-9.766,-58.594
890,-26.855,-25.391,-12.695,-41.016
891,4.395,-32.715,-44.922,-10.742
892,-3.418,-26.855,-42.969,-15.625
893,-40.039,-17.578,-20.996,-55.664
894,-44.434,-33.691,-21.973,-56.641
895,-17.578,-53.711,-31.25,-28.809
896,1.953,-45.41,-25.879,-7.324
897,-33.691,-45.41,-26.367,-42.48
898,-42.969,-48.34,-32.715,-61.035
899,-9.766,-44.434,-32.715,-24.414
900,-8.789,-41.992,-40.039,-7.812
901,-36.621,-35.156,-37.109,-34.18
902,-59.57,-28.809,-36.621,-63.965
903,-19.043,-28.32,-43.945,-23.926
904,12.695,-40.527,-32.227,12.207
905,-10.742,-48.828,-12.207,-12.695
906,-30.762,-45.898,-5.859,-41.504
907,-33.203,-39.062,-21.973,-41.016
908,-19.043,-27.832,-62.012,-14.648
909,-19.043,-20.996,-62.988,-14.648
910,-54.199,-23.438,-38.574,-58.594
911,-27.344,-31.738,-13.184,-28.809
912,13.184,-34.18,-15.137,12.695
913,8.301,-28.32,-29.785,4.395
914,-25.391,-31.25,-18.066,-31.738
915,-44.922,-33.203,-9.766,-54.688
916,-22.461,-32.715,-19.043,-37.109
917,-11.719,-37.109,-26.855,-15.137
918,-36.133,-22.949,-42.969,-34.18
919,-45.898,-25.879,-42.48,-52.246
920,-26.367,-50.293,-20.996,-43.945
921,-12.695,-48.828,-11.719,-28.32
922,-32.715,-34.668,-20.508,-43.945
923,-53.711,-24.902,-32.227,-69.824
924,-29.297,-20.508,-25.391,-44.922
925,14.648,-10.254,-12.207,1.465
926,14.648,-27.344,-14.648,4.883
927,-29.785,-44.922,-41.504,-42.48
928,-47.852,-28.809,-37.109,-54.688
929,-26.367,-29.785,-15.625,-26.367
930,-16.602,-29.297,-21.484,-14.648
931,-18.066,-28.809,-15.625,-18.555
932,-22.949,-38.574,-12.207,-34.18
933,-20.508,-48.828,-24.414,-24.902
934,-9.766,-36.621,-26.855,1.953
935,-23.926,-26.367,-22.949,-22.461
936,-39.551,-29.785,-25.879,-51.758
937,-21.484,-38.574,-22.949,-39.551
938,2.93,-45.898,-34.668,-15.137
939,-6.836,-35.156,-32.227,-15.625
940,-41.504,-37.109,-26.367,-50.781
941,-39.551,-41.504,-24.902,-47.363
942,-25.879,-30.762,-24.414,-27.832
943,-32.227,-21.973,-42.969,-32.227
944,-37.598,-36.621,-38.574,-45.41
945,-28.809,-47.363,-6.836,-37.109
946,-2.93,-44.922,-4.395,-11.23
947,-10.254,-40.039,-37.598,-17.578
948,-43.945,-38.086,-55.176,-44.434
949,-28.32,-29.785,-37.109,-42.48
950,1.953,-17.09,-13.184,-11.719
951,4.395,-24.414,6.348,-2.93
952,-18.555,-35.156,-3.418,-35.156
953,-45.898,-47.363,-21.973,-63.965
954,-35.156,-45.41,-15.137,-34.668
955,-0.977,-27.344,-17.578,7.324
956,-2.441,-23.438,-27.344,0.0
957,-46.387,-36.621,-54.688,-56.641
958,-40.039,-30.762,-52.734,-57.129
959,-0.977,-25.879,-27.832,-18.066
960,15.137,-29.785,-23.926,-4.883
961,-18.555,-39.062,-25.879,-35.156
962,-40.527,-52.246,-26.855,-69.824
963,-18.066,-49.316,-19.531,-43.457
964,-8.789,-44.922,-33.203,-9.766
965,-43.457,-42.48,-46.875,-34.668
966,-66.406,-37.109,-38.086,-62.988
967,-46.875,-21.973,-37.109,-45.41
968,-25.391,-25.391,-37.598,-19.531
969,-30.273,-36.621,-51.27,-22.949
970,-31.25,-22.461,-34.18,-27.832
971,-13.672,-21.484,0.0,-4.395
972,-9.277,-31.738,-20.996,0.488
973,-7.812,-28.809,-33.691,-18.066
974,-33.691,-45.41,-26.367,-58.594
975,-17.578,-40.527,-23.926,-41.016
976,16.113,-17.09,-28.809,-6.348
977,15.625,-13.672,-38.574,-7.324
978,6.836,-9.277,-37.109,-20.508
979,-1.953,-8.301,-50.781,-26.367
980,30.762,-16.602,-48.828,3.418
981,42.48,-16.602,-22.949,22.461
982,14.16,-5.859,-16.113,-6.836
983,-9.766,1.465,-20.508,-38.574
984,-31.738,9.277,-52.246,-48.34
985,22.461,-1.953,-43.457,9.277
986,58.105,-18.066,-16.602,42.48
987,22.949,-14.648,-24.414,0.488
988,16.602,-10.254,-36.621,-14.16
989,36.133,-1.953,-60.059,6.836
990,11.23,-6.836,-66.406,-8.789
991,-13.184,-14.648,-35.645,-37.109
992,9.277,-3.418,-15.625,-21.484
993,29.297,-11.719,-29.297,1.465
994,25.391,-7.812,-32.715,7.324
995,3.418,-8.301,-21.973,-17.09
996,-28.809,-27.344,-47.363,-49.805
997,-25.879,-21.973,-62.5,-43.457
998,15.625,-13.672,-32.227,0.0
999,9.277,-22.949,-32.227,-3.906
1000,-20.02,-17.09,-38.086,-37.598
1001,-8.789,-23.438,-38.574,-32.715
1002,14.16,-30.273,-42.969,-11.719
1003,3.418,-23.926,-40.039,-17.578
1004,-27.832,-17.09,-49.805,-44.434
1005,-34.668,-10.254,-54.199,-49.805
1006,-3.906,-29.297,-40.527,-17.09
1007,8.789,-36.133,-36.621,1.953
1008,-20.508,-37.109,-34.668,-26.367
1009,-27.344,-34.18,-45.41,-36.133
1010,0.977,-27.832,-50.293,-16.602
1011,-1.465,-38.086,-59.57,-15.137
1012,-41.016,-40.527,-66.895,-51.27
1013,-31.25,-38.574,-25.391,-46.387
1014,3.418,-47.852,-3.906,-16.602
1015,12.207,-43.457,-18.066,3.906
1016,-3.906,-28.32,-26.855,-7.812
1017,-35.645,-27.344,-37.598,-53.711
1018,-13.672,-29.297,-36.621,-31.738
1019,31.25,-33.203,-23.926,14.648
1020,21.973,-34.18,-19.043,1.953
1021,-16.113,-37.598,-35.645,-37.598
1022,-23.438,-40.039,-52.246,-46.387
1023,-6.836,-22.949,-40.527,-20.508
1024,-11.23,-27.832,-41.504,-19.043
1025,-39.551,-45.898,-41.992,-37.109
1026,-36.621,-47.363,-28.32,-46.387
1027,-21.973,-24.414,-28.809,-33.203
1028,-22.461,-19.531,-41.992,-16.113
1029,-23.926,-39.551,-35.156,-17.09
1030,-26.855,-33.203,-17.09,-30.273
1031,2.93,-33.203,-12.695,-7.812
1032,-9.277,-34.18,-46.387,-11.23
1033,-62.988,0.0,-60.059,-57.617
1034,-8.301,-11.719,-12.695,-13.184
1035,31.738,-42.969,-1.953,17.578
1036,28.809,-31.738,-12.207,16.602
1037,14.648,-27.832,-18.066,5.859
1038,-21.484,-27.344,-38.574,-35.645
1039,-24.414,-15.137,-28.809,-40.039
1040,7.812,-13.672,-14.16,-8.301
1041,9.277,-15.625,-29.785,-2.441
1042,-27.344,-20.508,-42.969,-49.805
1043,-45.898,-32.227,-33.203,-71.777
1044,-22.949,-23.438,-28.809,-41.016
1045,-5.371,-24.902,-35.156,-21.973
1046,-37.109,-40.039,-29.785,-46.875
1047,-30.273,-24.414,-17.09,-41.504
1048,2.93,-34.668,-13.672,-18.066
1049,12.695,-43.457,-20.508,-8.789
1050,-13.672,-35.156,-20.996,-22.949
1051,-65.43,-26.367,-59.082,-71.777
1052,-47.363,-20.996,-61.523,-58.105
1053,1.465,-35.645,-19.043,-13.184
1054,1.465,-40.527,-13.672,-9.277
1055,-31.738,-51.27,-18.066,-41.504
1056,-41.504,-43.457,-26.367,-52.734
1057,-49.805,-14.16,-63.965,-55.664
1058,-21.484,-26.855,-61.035,-23.926
1059,-0.488,-47.852,-35.156,-13.184
1060,-6.348,-41.992,-37.598,-22.949
1061,6.836,-38.086,-47.363,-11.719
1062,11.719,-40.527,-65.918,-1.465
1063,-4.883,-33.691,-54.688,-20.02
1064,-33.691,-20.508,-25.391,-52.246
1065,-23.438,-39.062,-27.832,-47.852
1066,0.0,-51.27,-33.203,-19.531
1067,-14.648,-35.645,-28.32,-23.926
1068,-35.645,-30.273,-33.691,-54.199
1069,-32.227,-29.785,-36.621,-55.176
1070,-0.977,-39.062,-29.785,-20.508
1071,1.465,-47.363,-30.273,-11.719
1072,-36.133,-44.922,-33.203,-43.457
1073,-40.527,-45.41,-35.156,-57.129
1074,-19.043,-34.668,-38.086,-42.969
1075,-12.207,-32.715,-33.691,-25.879
1076,-37.109,-33.203,-33.203,-52.734
1077,-47.852,-27.832,-37.598,-68.848
1078,-18.066,-41.016,-36.133,-34.668
1079,12.695,-43.945,-28.32,4.883
1080,-2.93,-39.062,-27.344,-10.742
1081,-39.551,-40.527,-57.129,-55.664
1082,-13.672,-24.902,-52.734,-33.203
1083,20.508,-20.996,-10.254,-1.953
1084,0.488,-54.199,-3.906,-21.484
1085,-30.273,-56.152,-14.648,-47.363
1086,-37.109,-38.574,-23.438,-47.363
1087,-10.254,-42.48,-32.227,-21.973
1088,6.836,-42.48,-30.273,-3.906
1089,-20.996,-30.273,-23.438,-21.973
1090,-25.391,-27.344,-29.297,-31.738
1091,-3.418,-39.062,-43.457,-22.461
1092,-11.719,-53.711,-34.668,-19.531
1093,-43.457,-44.922,-26.855,-45.898
1094,-48.828,-32.227,-33.691,-53.223
1095,-18.066,-34.668,-19.043,-18.066
1096,4.883,-33.691,-8.789,5.859
1097,-30.762,-41.504,-31.738,-24.414
1098,-60.547,-46.875,-44.922,-66.406
1099,-39.062,-25.391,-65.43,-66.895
1100,20.02,-2.93,-45.898,4.883
1101,28.32,-33.691,2.93,34.18
1102,-40.527,-55.176,-6.836,-41.992
1103,-62.988,-42.969,-15.625,-73.73
1104,-46.875,-51.27,-7.812,-47.363
1105,-59.57,-62.012,-23.926,-45.898
1106,-101.074,-54.199,-14.648,-87.891
1107,-125.0,-68.848,-22.461,-115.723
1108,-98.145,-81.055,-23.926,-92.773
1109,-93.262,-81.055,-7.812,-79.59
1110,-124.023,-75.684,-6.348,-97.168
1111,-146.973,-78.125,-9.277,-121.094
1112,-140.625,-85.938,-34.18,-108.887
1113,-119.141,-67.871,-27.344,-81.055
1114,-130.859,-78.613,3.418,-90.82
1115,-144.531,-91.797,10.254,-111.328
1116,-119.629,-85.449,14.16,-86.914
1117,-87.402,-88.379,-19.531,-59.57
1118,-74.219,-81.055,-29.785,-53.711
1119,-91.309,-68.848,-17.09,-76.172
1120,-93.75,-73.73,-25.391,-85.449
1121,-62.988,-54.199,-32.715,-53.711
1122,-35.156,-57.129,-27.344,-22.949
1123,-41.016,-68.359,-18.555,-32.715
1124,-48.34,-59.082,-22.949,-48.828
1125,-37.109,-55.664,-19.531,-41.504
1126,-4.883,-38.574,-15.137,-8.789
1127,-8.789,-35.156,-33.203,-19.531
1128,-37.598,-26.855,-31.25,-53.223
1129,-15.137,-25.391,-14.648,-29.785
1130,2.441,-39.551,-15.137,-4.883
1131,-9.277,-45.898,-23.438,-8.789
1132,-29.785,-47.852,-21.973,-28.32
1133,-35.156,-49.805,-25.879,-40.039
1134,-19.043,-54.688,-29.785,-26.367
1135,-39.551,-51.27,-46.387,-42.969
1136,-65.43,-34.18,-46.875,-69.336
1137,-37.109,-23.926,-18.555,-43.457
1138,-5.371,-41.992,-18.555,-16.113
1139,3.906,-51.758,-20.996,-6.836
1140,-17.578,-53.711,-19.043,-30.273
1141,-39.062,-47.852,-27.832,-56.641
1142,-37.109,-36.621,-43.457,-47.363
1143,-35.645,-25.391,-64.453,-37.598
1144,-10.254,-25.391,-29.297,-15.137
1145,-17.09,-58.105,-1.953,-17.09
1146,-14.648,-54.199,-20.02,-13.672
1147,11.719,-46.875,-25.391,7.324
1148,-10.742,-46.875,-40.039,-16.113
1149,-28.32,-14.648,-32.227,-26.855
1150,-17.09,-13.184,-10.254,-20.02
1151,1.953,-34.18,-15.625,-9.766
1152,0.977,-40.039,-23.926,0.977
1153,-27.832,-40.039,-29.785,-27.344
1154,-41.504,-35.645,-27.832,-48.34
1155,-20.508,-34.18,-34.668,-26.855
1156,-6.836,-36.621,-49.805,-7.812
1157,-10.254,-32.715,-30.762,-10.742
1158,-21.973,-27.344,-14.16,-30.273
1159,-14.648,-40.039,-20.508,-32.715
1160,13.672,-38.086,-20.508,-2.93
1161,-23.438,-21.484,-37.598,-41.504
1162,-59.082,-19.531,-56.641,-86.914
1163,-7.812,-39.062,-13.184,-34.18
1164,20.508,-34.668,1.465,13.184
1165,-7.812,-44.434,-28.32,1.465
1166,-35.645,-45.898,-34.18,-22.949
1167,-36.621,-35.645,-20.02,-24.902
1168,-24.414,-33.691,-14.648,-14.648
1169,-18.066,-29.785,-18.555,-6.348
1170,-27.344,-30.273,-18.066,-22.949
1171,-32.715,-40.039,-13.672,-38.574
1172,-3.418,-38.574,-21.484,-17.578
1173,4.395,-38.086,-44.922,-1.465
1174,-46.387,-31.738,-44.434,-44.434
1175,-52.734,-24.902,-20.508,-57.617
1176,-15.137,-31.738,-5.859,-17.09
1177,4.395,-40.527,-14.16,16.602
1178,-4.395,-36.133,-30.273,1.953
1179,-42.48,-40.527,-28.32,-41.504
1180,-52.246,-40.039,-26.855,-56.152
1181,-27.832,-31.738,-28.32,-31.738
1182,-18.066,-40.527,-26.367,-17.09
1183,-37.109,-51.758,-23.926,-43.457
1184,-39.551,-46.387,-18.555,-51.758
1185,-23.926,-41.992,-22.949,-35.156
1186,-10.742,-31.738,-33.203,-24.902
1187,-18.555,-31.738,-31.25,-39.551
1188,-18.066,-22.949,-28.32,-34.18
1189,-5.371,-20.996,-23.926,-13.672
1190,-9.277,-44.434,-14.648,-17.09
1191,-20.508,-52.246,-27.832,-37.598
1192,-31.738,-40.039,-27.832,-51.27
1193,-18.555,-33.691,-24.902,-31.738
1194,4.395,-43.945,-54.199,-3.906
1195,-1.465,-45.41,-49.316,-13.184
1196,-23.926,-38.086,-11.719,-44.434
1197,-29.297,-36.133,-14.648,-45.41
1198,-17.09,-37.598,-38.574,-31.738
1199,-7.812,-30.762,-29.297,-18.555
1200,-31.738,-17.578,-24.414,-37.109
1201,-44.434,-28.809,-48.828,-59.082
1202,-17.578,-39.062,-42.969,-36.133
1203,-5.371,-35.156,-21.484,-14.16
1204,-29.785,-46.387,-26.855,-41.016
1205,-70.312,-50.293,-54.199,-81.055
1206,-68.848,-22.949,-61.523,-73.242
1207,-6.836,-25.391,-20.02,-2.93
1208,5.859,-42.48,10.742,8.789
1209,-34.18,-42.48,-11.719,-41.016
1210,-29.785,-33.203,-27.344,-32.715
1211,-10.254,-34.18,-20.996,-4.395
1212,-10.742,-31.738,-13.184,-16.602
1213,-31.25,-18.555,-7.812,-44.922
1214,-44.922,-14.16,-32.715,-48.34
1215,-18.555,-25.879,-48.828,-9.766
1216,1.953,-50.293,-35.645,1.953
1217,-20.996,-50.781,-29.785,-27.832
1218,-30.762,-34.18,-23.926,-33.691
1219,-19.043,-29.785,-24.902,-18.555
1220,-18.066,-32.715,-29.297,-20.508
1221,-29.297,-15.137,-23.926,-40.039
1222,-44.922,-30.273,-23.438,-57.129
1223,-22.461,-42.969,-13.672,-27.344
1224,11.23,-25.879,-15.137,9.766
1225,-20.508,-24.902,-31.25,-25.391
1226,-55.664,-31.25,-38.086,-62.012
1227,-36.621,-29.785,-42.48,-38.574
1228,-4.883,-24.902,-36.621,-4.395
1229,-10.742,-32.715,-27.832,-14.16
1230,-39.551,-36.621,-32.715,-46.387
1231,-48.34,-41.016,-26.855,-56.152
1232,-27.344,-42.969,-27.344,-36.133
1233,-16.113,-40.039,-30.273,-18.555
1234,-37.109,-30.762,-34.18,-38.086
1235,-31.738,-24.902,-33.691,-46.875
1236,5.371,-32.715,-16.602,-8.789
1237,5.859,-38.574,-19.531,11.23
1238,-23.438,-33.691,-33.203,-12.207
1239,-33.203,-31.25,-40.039,-32.715
1240,-25.879,-33.203,-43.457,-29.785
1241,-14.648,-12.695,-30.762,-3.906
1242,-7.812,0.488,-21.484,4.395
1243,-27.832,-33.203,-26.367,-23.926
1244,-26.855,-42.48,-18.066,-25.879
1245,-7.812,-33.203,-14.648,-9.766
1246,-20.996,-39.062,-40.527,-20.02
1247,-59.082,-38.086,-61.523,-62.012
1248,-45.898,-15.137,-57.129,-57.617
1249,-4.883,-22.949,-47.363,-18.066
1250,-8.789,-67.871,-40.039,-19.043
1251,-33.691,-57.129,-27.832,-44.434
1252,-48.828,-45.41,-25.879,-62.988
1253,-32.227,-43.457,-33.203,-41.016
1254,-19.043,-38.574,-41.992,-20.02
1255,-33.203,-37.109,-39.551,-44.434
1256,-46.387,-26.367,-28.32,-65.43
1257,-32.715,-29.785,-28.809,-48.828
1258,-2.93,-33.203,-31.738,-10.742
1259,-11.23,-32.227,-41.016,-15.625
1260,-36.621,-37.598,-39.551,-37.109
1261,-26.855,-41.016,-35.645,-37.109
1262,13.672,-28.32,-29.297,-10.254
1263,6.348,-18.555,-29.785,-9.766
1264,-41.992,-38.574,-37.598,-53.711
1265,-48.34,-54.688,-33.203,-66.406
1266,-18.555,-52.246,-24.902,-35.645
1267,-6.836,-49.805,-27.832,-14.648
1268,-33.203,-50.293,-40.039,-39.551
1269,-65.918,-47.852,-54.688,-70.801
1270,-42.48,-37.598,-37.109,-54.688
1271,1.953,-26.855,-9.277,-8.789
1272,-12.207,-18.066,-23.926,-17.578
1273,-51.27,-35.645,-51.758,-69.824
1274,-37.598,-42.48,-46.875,-55.176
1275,-8.789,-33.691,-35.156,-19.043
1276,-9.766,-40.527,-32.227,-19.531
1277,-31.25,-38.574,-18.555,-40.039
1278,-32.227,-43.945,-21.973,-43.945
1279,-19.531,-47.852,-50.293,-36.133
1280,-36.621,-27.344,-62.5,-43.457
1281,-45.41,-21.973,-35.645,-41.504
1282,-20.508,-36.133,-13.672,-30.273
1283,14.16,-27.832,-16.602,-5.371
1284,18.066,-32.715,-20.996,8.301
1285,-17.09,-44.922,-27.344,-32.227
1286,-34.18,-41.992,-40.039,-57.617
1287,-29.297,-33.691,-40.527,-46.875
1288,-18.066,-31.25,-33.203,-26.367
1289,-20.996,-42.48,-29.785,-20.508
1290,-41.504,-45.41,-27.832,-42.48
1291,-33.203,-43.457,-34.668,-33.691
1292,-11.23,-45.41,-36.621,-10.254
1293,-33.691,-31.738,-40.527,-28.809
1294,-54.199,-17.578,-36.621,-57.129
1295,-17.578,-33.203,-16.113,-25.879
